0
0
0
0
0
0
0
0
0
0
0
0
0
0
0
0
0
0
0
0
0
0
0
0
0
0
0
0
0
0
0
0
0
0
0
0
0
0
0
0
0
0
3
27
50
72
93
114
133
152
169
186
203
219
234
249
263
277
290
303
315
327
338
350
360
371
381
391
400
410
419
428
436
444
453
460
468
476
483
490
497
504
510
517
523
529
535
541
546
552
557
563
568
573
578
583
588
592
597
602
606
610
614
619
623
627
631
634
638
642
646
649
653
656
660
663
666
669
673
676
679
682
685
688
690
693
696
699
701
704
707
709
712
714
717
719
721
724
726
728
731
733
735
737
739
741
743
746
748
749
751
753
755
757
759
761
763
764
766
768
770
771
773
775
776
778
780
781
783
784
786
787
789
790
792
793
794
796
797
799
800
801
803
804
805
807
808
809
810
812
813
814
815
816
817
819
820
821
822
823
824
825
826
827
828
830
831
832
833
834
835
836
837
838
838
839
840
841
842
843
844
845
846
847
848
848
849
850
851
852
853
854
854
855
856
857
858
858
859
860
861
861
862
863
864
864
865
866
866
867
868
869
869
870
871
871
872
873
873
874
875
875
876
877
877
878
878
879
880
880
881
881
882
883
883
884
884
885
885
886
887
887
888
888
889
889
890
890
891
891
892
892
893
893
894
895
895
896
896
896
897
897
898
898
899
899
900
900
901
901
902
902
903
903
903
904
904
905
905
906
906
906
907
907
908
908
909
909
909
910
910
911
911
911
912
912
913
913
913
914
914
914
915
915
916
916
916
917
917
917
918
918
918
919
919
920
920
920
921
921
921
922
922
922
923
923
923
924
924
924
925
925
925
925
926
926
926
927
927
927
928
928
928
929
929
929
929
930
930
930
931
931
931
931
932
932
932
933
933
933
933
934
934
934
934
935
935
935
935
936
936
936
937
937
937
937
938
938
938
938
939
939
939
939
940
940
940
940
940
941
941
941
941
942
942
942
942
943
943
943
943
944
944
944
944
944
945
945
945
945
945
946
946
946
946
947
947
947
947
947
948
948
948
948
948
949
949
949
949
949
950
950
950
950
950
951
951
951
951
951
952
952
952
952
952
952
953
953
953
953
953
954
954
954
954
954
954
955
955
955
955
955
956
956
956
956
956
956
957
957
957
957
957
957
958
958
958
958
958
958
959
959
959
959
959
959
960
960
960
960
960
960
960
961
961
961
961
961
961
962
962
962
962
962
962
962
963
963
963
963
963
963
963
964
964
964
964
964
964
964
965
965
965
965
965
965
965
966
966
966
966
966
966
966
966
967
967
967
967
967
967
967
967
968
968
968
968
968
968
968
969
969
969
969
969
969
969
969
969
970
970
970
970
970
970
970
970
971
971
971
971
971
971
971
971
972
972
972
972
972
972
972
972
972
973
973
973
973
973
973
973
973
973
974
974
974
974
974
974
974
974
974
974
975
975
975
975
975
975
975
975
975
976
976
976
976
976
976
976
976
976
976
977
977
977
977
977
977
977
977
977
977
978
978
978
978
978
978
978
978
978
978
978
979
979
979
979
979
979
979
979
979
979
980
980
980
980
980
980
980
980
980
980
980
980
981
981
981
981
981
981
981
981
981
981
981
982
982
982
982
982
982
982
982
982
982
982
982
983
983
983
983
983
983
983
983
983
983
983
983
984
984
984
984
984
984
984
984
984
984
984
984
984
985
985
985
985
985
985
985
985
985
985
985
985
985
986
986
986
986
986
986
986
986
986
986
986
986
986
986
987
987
987
987
987
987
987
987
987
987
987
987
987
987
988
988
988
988
988
988
988
988
988
988
988
988
988
988
988
989
989
989
989
989
989
989
989
989
989
989
989
989
989
989
990
990
990
990
990
990
990
990
990
990
990
990
990
990
990
990
991
991
991
991
991
991
991
991
991
991
991
991
991
991
991
991
991
992
992
992
992
992
992
992
992
992
992
992
992
992
992
992
992
992
993
993
993
993
993
993
993
993
993
993
993
993
993
993
993
993
993
994
994
994
994
994
994
994
994
994
994
994
994
994
994
994
994
994
994
994
995
995
995
995
995
995
995
995
995
995
995
995
995
995
995
995
995
995
995
996
996
996
996
996
996
996
996
996
996
996
996
996
996
996
996
996
996
996
996
996
997
997
997
997
997
997
997
997
997
997
997
997
997
997
997
997
997
997
997
997
997
998
998
998
998
998
998
998
998
998
998
998
998
998
998
998
998
998
998
998
998
998
998
999
999
999
999
999
999
999
999
999
999
999
999
999
999
999
999
999
999
999
999
999
999
999
1000
1000
1000
1000
1000
1000
1000
1023
